0
1
2
3
4
5
6
7
8
9
10
12
13
15
16
17
19
20
21
23
24
25
26
27
28
29
31
32
34
35
37
38
39
40
41
42
43
44
45
46
47
48
49
50
51
53
54
55
56
58
59
60
61
62
63
64
66
67
68
69
70
71
73
76
77
79
80
81
84
85
86
87
88
90
92
94
95
97
98
99
100
102
103
104
105
106
107
108
109
110
111
112
113
114
115
116
117
118
119
120
121
122
124
125
126
127
128
130
133
134
135
137
138
140
141
142
143
144
145
146
147
148
149
150
151
152
153
154
156
158
160
168
169
170
171
172
173
174
175
176
179
180
181
182
183
184
187
190
191
192
193
194
195
197
198
200
202
203
204
205
207
209
210
211
213
214
215
217
219
220
221
222
223
224
225
226
227
228
229
230
231
232
233
234
237
238
239
240
241
242
243
244
246
247
248
250
251
254
255
256
258
259
260
261
262
263
265
268
269
270
271
272
275
277
279
282
283
284
285
286
289
291
292
296
297
300
302
303
309
325
331
336
338
340
341
342
344
345
346
348
349
350
353
355
359
360
361
362
364
366
367
368
369
370
372
373
374
377
378
379
380
381
386
387
388
389
390
392
393
394
396
401
402
403
409
410
411
412
413
414
415
419
420
421
422
424
425
427
428
431
432
433
435
436
437
438
439
440
441
443
444
445
446
447
450
451
452
456
460
461
463
464
466
468
472
473
474
476
478
479
480
481
482
484
485
486
488
489
490
492
493
494
495
496
501
502
506
508
510
511
512
513
515
516
517
518
519
520
522
523
524
528
530
531
535
537
538
539
542
544
548
549
551
553
554
555
559
560
561
569
574
577
578
579
580
581
582
583
584
585
586
587
588
589
590
591
593
594
595
596
597
598
599
601
602
603
604
606
607
608
610
611
613
614
615
617
618
619
620
622
623
624
628
631
632
633
634
635
637
638
639
640
641
643
644
649
650
652
653
654
655
657
658
659
661
662
663
664
667
668
671
673
675
676
677
678
681
682
683
687
689
691
692
693
694
695
696
697
698
700
705
706
710
711
712
713
714
715
717
718
719
720
721
722
723
724
725
726
727
728
730
731
733
734
735
736
738
739
741
745
746
747
751
752
753
754
757
759
760
762
763
767
769
773
775
776
778
779
780
781
784
785
786
787
788
791
795
799
801
804
805
807
808
811
814
815
816
820
822
823
825
826
828
832
833
837
838
840
841
842
843
844
849
850
851
852
853
854
855
856
857
859
861
862
863
864
865
867
868
869
870
871
872
873
876
877
878
879
883
885
887
889
894
895
896
898
899
900
902
903
906
907
908
913
914
915
917
920
921
922
924
925
927
928
929
931
932
933
934
937
938
939
940
941
942
944
945
950
953
956
958
959
960
961
962
963
966
967
969
970
971
972
973
974
975
976
978
979
980
981
984
988
996
997
1000
1001
1003
1005
1007
1009
1010
1011
1012
1013
1014
1016
1017
1019
1020
1021
1023
1024
1025
1029
1030
1031
1034
1035
1036
1038
1049
1064
1073
1074
1076
1077
1078
1082
1086
1088
1089
1090
1092
1093
1095
1098
1099
1101
1102
1103
1104
1105
1106
1107
1109
1117
1118
1120
1126
1127
1131
1132
1133
1135
1137
1138
1139
1141
1142
1145
1148
1149
1150
1151
1152
1154
1155
1156
1157
1159
1162
1165
1166
1170
1172
1177
1178
1180
1182
1188
1189
1190
1191
1192
1193
1195
1196
1197
1198
1199
1200
1203
1204
1205
1207
1208
1209
1211
1212
1213
1214
1215
1216
1217
1218
1219
1220
1221
1222
1223
1224
1225
1226
1227
1228
1229
1230
1231
1232
1233
1237
1240
1243
1244
1245
1246
1247
1248
1251
1252
1253
1255
1256
1262
1263
1264
1265
1266
1267
1270
1274
1276
1279
1281
1282
1284
1285
1288
1290
1292
1293
1294
1295
1296
1297
1298
1299
1300
1301
1302
1306
1307
1308
1312
1316
1317
1318
1320
1321
1322
1323
1324
1325
1327
1328
1329
1330
1331
1332
1333
1335
1336
1337
1338
1339
1340
1341
1342
1344
1345
1347
1348
1349
1350
1362
1363
1364
1375
1376
1377
1379
1381
1382
1383
1386
1387
1388
1389
1391
1393
1394
1398
1399
1401
1404
1407
1408
1409
1410
1416
1422
1423
1425
1426
1427
1429
1430
1432
1433
1434
1435
1437
1438
1439
1455
1467
1468
1469
1471
1472
1473
1474
1475
1476
1477
1478
1479
1480
1481
1483
1489
1493
1495
1497
1503
1504
1505
1506
1508
1511
1512
1517
1519
1526
1527
1528
1529
1532
1533
1534
1538
1539
1540
1545
1547
1554
1555
1557
1561
1573
1574
1591
1595
1596
1623
1626
1632
1635
1636
1644
1647
1653
1655
1656
1657
1658
1659
1663
1666
1668
1672
1673
1674
1675
1676
1677
1678
1679
1681
1682
1683
1685
1686
1705
1707
1708
1712
1713
1714
1715
1717
1720
1722
1723
1727
1728
1729
1730
1731
1732
1734
1737
1738
1739
1740
1741
1743
1744
1746
1749
1752
1754
1758
1759
1760
1762
1764
1765
1766
1768
1769
1770
1771
1772
1774
1776
1777
1778
1779
1780
1784
1785
1786
1787
1788
1789
1790
1791
1792
1793
1794
1795
1796
1797
1798
1800
1801
1802
1803
1804
1810
1813
1817
1818
1819
1821
1824
1825
1826
1828
1830
1837
1841
1843
1844
1845
1849
1850
1851
1852
1854
1856
1857
1860
1861
1868
1872
1875
1876
1878
1879
1883
1884
1885
1889
1890
1891
1892
1897
1898
1899
1901
1904
1905
1906
1908
1909
1910
1911
1912
1913
1914
1915
1916
1917
1918
1919
1920
1921
1922
1923
1924
1925
1938
1941
1942
1945
1950
1952
1959
1974
1975
1977
1981
1986
1988
1989
1990
1992
1993
1994
2000
2002
2005
2008
2014
2015
2016
2017
2018
2019
2021
2022
2024
2025
2026
2030
2032
2033
2036
2039
2041
2048
2049
2050
2055
2057
2059
2060
2067
2069
2073
2074
2076
2077
2083
2084
2089
2092
2093
2095
2098
2099
2100
2112
2113
2114
2122
2123
2124
2126
2130
2132
2134
2135
2136
2137
2151
2153
2154
2159
2160
2163
2177
2178
2179
2180
2186
2188
2189
2191
2192
2198
2200
2208
2210
2215
2216
2219
2220
2222
2223
2225
2227
2228
2229
2230
2231
2232
2237
2239
2240
2241
2242
2243
2244
2245
2246
2247
2248
2250
2253
2258
2262
2263
2278
2292
2293
2294
2308
2315
2324
2330
2333
2334
2335
2338
2339
2343
2344
2345
2346
2349
2351
2352
2354
2356
2357
2358
2359
2360
2361
2365
2368
2369
2377
2379
2391
2393
2394
2397
2401
2402
2403
2405
2407
2408
2410
2411
2412
2413
2416
2419
2420
2427
2430
2431
2435
2440
2441
2442
2443
2446
2447
2448
2449
2450
2471
2474
2475
2478
2479
2481
2512
2513
2514
2516
2517
2519
2520
2521
2526
2528
2529
2531
2533
2535
2536
2541
2547
2554
2556
2567
2569
2570
2572
2573
2575
2576
2577
2580
2581
2583
2589
2592
2596
2600
2602
2608
2612
2615
2617
2618
2622
2628
2632
2633
2634
2643
2646
2651
2656
2664
2665
2666
2667
2668
2669
2670
2671
2672
2673
2674
2675
2676
2677
2678
2679
2680
2681
2682
2683
2685
2686
2687
2688
2689
2690
2691
2692
2693
2694
2695
2696
2697
2698
2699
2700
2701
2702
2703
2704
2706
2707
2709
2711
2715
2716
2717
2718
2719
2720
2721
2722
2723
2724
2726
2728
2729
2730
2731
2732
2733
2735
2736
2737
2738
2739
2740
2741
2742
2744
2746
2747
2764
2766
2769
2770
2772
2773
2774
2775
2776
2777
2778
2779
2780
2781
2782
2783
2784
2785
2786
2787
2788
2789
2797
2805
2808
2809
2812
2815
2816
2817
2820
2821
2827
2830
2836
2840
2841
2844
2845
2846
2848
2849
2850
2853
2863
2865
2866
2867
2868
2870
2873
2874
2879
2881
2885
2887
2890
2893
2894
2895
2896
2898
2899
2912
2914
2924
2927
2928
2931
2935
2941
2942
2943
2950
2954
2957
2968
2969
2970
2972
2980
2993
2999
3001
3005
3007
3009
3010
3011
3012
3014
3015
3016
3017
3018
3019
3021
3036
3044
3048
3053
3056
3059
3060
3063
3066
3071
3079
3082
3087
3088
3090
3092
3095
3096
3097
3098
3100
3105
3107
3108
3110
3112
3113
3115
3121
3122
3124
3125
3133
3135
3139
3144
3147
3151
3157
3158
3160
3161
3162
3163
3166
3167
3168
3170
3172
3173
3175
3176
3177
3178
3179
3180
3181
3182
3183
3184
3185
3186
3188
3189
3190
3191
3193
3194
3198
3199
3201
3203
3204
3205
3206
3207
3208
3209
3210
3212
3213
3222
3224
3226
3230
3239
3240
3242
3243
3244
3246
3251
3252
3256
3259
3260
3261
3262
3263
3264
3268
3270
3271
3272
3274
3277
3283
3285
3286
3288
3289
3297
3298
3299
3300
3302
3303
3305
3306
3307
3309
3310
3311
3313
3314
3315
3316
3317
3324
3326
3327
3328
3334
3335
3339
3340
3341
3343
3345
3346
3347
3348
3349
3350
3351
3354
3355
3356
3357
3358
3360
3361
3362
3363
3364
3367
3369
3372
3375
3379
3381
3387
3388
3389
3390
3393
3395
3400
3401
3402
3403
3404
3405
3407
3408
3409
3412
3414
3417
3418
3419
3421
3423
3424
3431
3433
3434
3435
3436
3437
3447
3448
3449
3452
3453
3454
3455
3456
3457
3465
3477
3491
3494
3496
3503
3504
3508
3509
3513
3517
3530
3532
3536
3543
3546
3547
3549
3550
3551
3552
3554
3555
3561
3562
3563
3564
3565
3566
3567
3569
3570
3571
3581
3583
3593
3595
3596
3598
3599
3601
3606
3607
3608
3609
3610
3612
3613
3618
3619
3621
3622
3623
3626
3629
3630
3634
3637
3638
3639
3640
3643
3646
3647
3648
3651
3652
3653
3654
3655
3656
3657
3658
3665
3667
3673
3678
3680
3681
3682
3684
3686
3689
3690
3691
3692
3693
3694
3695
3697
3699
3703
3706
3709
3710
3711
3713
3714
3716
3722
3723
3724
3726
3728
3734
3738
3750
3759
3764
3769
3770
3771
3772
3775
3776
3783
3784
3785
3786
3788
3793
3795
3796
3797
3802
3806
3812
3813
3817
3819
3820
3821
3824
3828
3829
3830
3831
3832
3833
3834
3836
3837
3838
3841
3844
3847
3848
3850
3851
3853
3856
3858
3860
3870
3871
3872
3874
3881
3888
3889
3899
3901
3903
3905
3906
3907
3908
3910
3913
3916
3919
3920
3923
3926
3929
3930
3931
3932
3934
3936
3937
3938
3940
3942
3944
3945
3946
3947
3948
3949
3950
3951
3952
3953
3954
3958
3959
3960
3961
3962
3963
3964
3965
3967
3969
3970
3971
3972
3973
3974
3975
3976
3977
3978
3980
3981
3982
3983
3984
3985
3987
3988
3989
3990
3991
3992
3993
3994
3995
3997
3998
3999
4000
4001
4002
4003
4004
4005
4006
4007
4008
4009
4010
4011
4012
4013
4014
4015
4016
4017
4018
4019
4020
4021
4022
4023
4024
4026
4027
4028
4029
4031
4037
4041
4044
4048
4053
4055
4056
4057
4058
4059
4060
4061
4062
4063
4066
4067
4068
4069
4070
4071
4074
4075
4077
4078
4079
4080
4084
4085
4086
4087
4088
4090
4092
4093
4094
4095
4096
4099
4100
4101
4103
4104
4105
4107
4109
4110
4111
4112
4117
4120
4121
4122
4123
4124
4125
4126
4127
4128
4129
4131
4132
4135
4136
4137
4138
4139
4144
4148
4149
4150
4151
4154
4155
4159
4160
4163
4170
4178
4182
4183
4184
4186
4189
4190
4191
4192
4193
4197
4198
4199
4200
4202
4203
4204
4207
4209
4212
4213
4214
4215
4216
4221
4222
4223
4224
4235
4236
4238
4240
4242
4248
4249
4254
4259
4261
4263
4264
4265
4266
4267
4268
4270
4271
4275
4276
4277
4287
4289
4297
4298
4299
4309
4310
4311
4312
4316
4321
4323
4339
4340
4341
4346
4347
4353
4354
4355
4358
4360
4364
4366
4367
4368
4369
4371
4372
4375
4380
4385
4390
4392
4394
4395
4407
4412
4426
4432
4456
4458
4460
4461
4464
4467
4468
4469
4474
4480
4484
4486
4488
4493
4501
4505
4506
4508
4509
4517
4518
4520
4521
4522
4525
4530
4533
4534
4535
4536
4545
4546
4548
4549
4550
4551
4558
4559
4560
4561
4562
4563
4564
4565
4566
4567
4578
4581
4582
4584
4587
4594
4595
4599
4601
4602
4604
4609
4612
4613
4614
4615
4617
4618
4619
4620
4622
4623
4624
4625
4626
4627
4628
4629
4630
4631
4632
4635
4636
4637
4642
4643
4655
4660
4661
4662
4667
4668
4670
4674
4677
4681
4683
4685
4687
4688
4690
4691
4694
4695
4696
4697
4698
4699
4704
4712
4714
4715
4716
4717
4718
4719
4720
4721
4722
4724
4725
4732
4733
4734
4735
4736
4738
4741
4743
4744
4745
4746
4747
4748
4750
4751
4753
4754
4755
4763
4764
4765
4768
4769
4770
4772
4773
4774
4775
4776
4777
4778
4779
4783
4787
4788
4789
4790
4791
4792
4794
4795
4796
4797
4798
4799
4816
4818
4820
4824
4825
4826
4827
4832
4836
4839
4840
4842
4847
4848
4849
4850
4851
4852
4853
4854
4855
4856
4857
4858
4860
4862
4864
4865
4867
4868
4869
4871
4875
4876
4877
4878
4882
4883
4884
4889
4890
4891
4892
4893
4894
4895
4896
4897
4898
4899
4900
4902
4903
4906
4907
4908
4909
4910
4911
4912
4913
4919
4921
4922
4923
4927
4928
4929
4936
4937
4940
4941
4942
4943
4945
4946
4947
4948
4949
4950
4951
4953
4954
4955
4956
4957
4958
4959
4961
4962
4963
4964
4965
4966
4969
4970
4971
4974
4975
4976
4988
4990
4992
4993
4994
4996
4997
4998
5003
5007
5008
5011
5014
5015
5017
5019
5020
5021
5023
5025
5029
5030
5031
5033
5035
5036
5041
5044
5046
5047
5048
5049
5050
5051
5052
5053
5055
5060
5061
5062
5064
5067
5069
5074
5075
5079
5080
5082
5085
5087
5088
5089
5090
5091
5092
5093
5094
5095
5096
5099
5102
5104
5108
5110
5111
5113
5114
5115
5118
5120
5121
5122
5128
5131
5132
5133
5134
5135
5136
5137
5138
5142
5144
5145
5146
5147
5149
5150
5153
5155
5156
5159
5160
5161
5164
5166
5167
5168
5169
5170
5171
5172
5174
5183
5190
5191
5198
5204
5220
5225
5232
5233
5235
5236
5238
5240
5241
5245
5246
5248
5250
5251
5252
5253
5254
5269
5273
5274
5276
5277
5278
5281
5285
5286
5288
5302
5303
5305
5306
5319
5322
5333
5335
5351
5352
5353
5354
5357
5358
5360
5362
5364
5368
5370
5371
5372
5373
5374
5375
5386
5387
5388
5392
5398
5399
5401
5402
5403
5404
5405
5406
5409
5411
5412
5414
5415
5416
5419
5420
5421
5425
5427
5428
5429
5431
5452
5454
5455
5456
5457
5460
5461
5462
5467
5472
5473
5474
5478
5480
5482
5488
5491
5492
5494
5495
5496
5498
5499
5500
5501
5503
5504
5506
5507
5510
5511
5512
5513
5516
5517
5520
5521
5522
5523
5527
5528
5530
5531
5537
5539
5540
5541
5542
5543
5544
5546
5547
5550
5551
5554
5556
5557
5558
5559
5563
5564
5565
5567
5569
5570
5576
5587
5588
5590
5591
5592
5596
5597
5599
5602
5604
5606
5607
5608
5610
5613
5614
5615
5619
5624
5625
5630
5633
5635
5636
5644
5649
5650
5653
5654
5656
5657
5659
5660
5661
5663
5664
5667
5670
5672
5673
5675
5676
5677
5678
5679
5680
5686
5687
5688
5689
5690
5691
5694
5696
5697
5698
5699
5701
5709
5712
5713
5716
5717
5718
5721
5722
5723
5725
5726
5727
5728
5729
5731
5733
5735
5736
5737
5738
5739
5740
5741
5742
5743
5744
5747
5748
5749
5750
5752
5753
5754
5755
5756
5757
5758
5759
5762
5763
5764
5765
5766
5771
5772
5773
5774
5778
5779
5783
5784
5790
5791
5792
5793
5795
5797
5799
5800
5801
5802
5804
5805
5806
5807
5809
5810
5811
5812
5813
5814
5815
5817
5821
5822
5829
5830
5832
5833
5838
5839
5840
5845
5849
5850
5852
5854
5855
5856
5858
5859
5860
5862
5872
5875
5880
5882
5883
5884
5885
5889
5900
5905
5906
5908
5909
5910
5911
5913
5914
5915
5919
5928
5933
5935
5936
5938
5943
5946
5949
5952
5953
5956
5957
5960
5961
5962
5969
5970
5971
5972
5973
5974
5975
5976
5978
5979
