11
14
18
22
30
33
36
52
57
65
72
74
75
78
82
83
89
91
93
96
101
123
129
131
132
136
139
155
157
159
161
162
163
164
165
166
167
177
178
185
186
188
189
196
199
201
206
208
212
216
218
235
236
245
249
252
253
257
264
266
267
273
274
276
278
280
281
287
288
290
293
294
295
298
299
301
304
305
306
307
308
310
311
312
313
314
315
316
317
318
319
320
321
322
323
324
326
327
328
329
330
332
333
334
335
337
339
343
347
351
352
354
356
357
358
363
365
371
375
376
382
383
384
385
391
395
397
398
399
400
404
405
406
407
408
416
417
418
423
426
429
430
434
442
448
449
453
454
455
457
458
459
462
465
467
469
470
471
475
477
483
487
491
497
498
499
500
503
504
505
507
509
514
521
525
526
527
529
532
533
534
536
540
541
543
545
546
547
550
552
556
557
558
562
563
564
565
566
567
568
570
571
572
573
575
576
592
600
605
609
612
616
621
625
626
627
629
630
636
642
645
646
647
648
651
656
660
665
666
669
670
672
674
679
680
684
685
686
688
690
699
701
702
703
704
707
708
709
716
729
732
737
740
742
743
744
748
749
750
755
756
758
761
764
765
766
768
770
771
772
774
777
782
783
789
790
792
793
794
796
797
798
800
802
803
806
809
810
812
813
817
818
819
821
824
827
829
830
831
834
835
836
839
845
846
847
848
858
860
866
874
875
880
881
882
884
886
888
890
891
892
893
897
901
904
905
909
910
911
912
916
918
919
923
926
930
935
936
943
946
947
948
949
951
952
954
955
957
964
965
968
977
982
983
985
986
987
989
990
991
992
993
994
995
998
999
1002
1004
1006
1008
1015
1018
1022
1026
1027
1028
1032
1033
1037
1039
1040
1041
1042
1043
1044
1045
1046
1047
1048
1050
1051
1052
1053
1054
1055
1056
1057
1058
1059
1060
1061
1062
1063
1065
1066
1067
1068
1069
1070
1071
1072
1075
1079
1080
1081
1083
1084
1085
1087
1091
1094
1096
1097
1100
1108
1110
1111
1112
1113
1114
1115
1116
1119
1121
1122
1123
1124
1125
1128
1129
1130
1134
1136
1140
1143
1144
1146
1147
1153
1158
1160
1161
1163
1164
1167
1168
1169
1171
1173
1174
1175
1176
1179
1181
1183
1184
1185
1186
1187
1194
1201
1202
1206
1210
1234
1235
1236
1238
1239
1241
1242
1249
1250
1254
1257
1258
1259
1260
1261
1268
1269
1271
1272
1273
1275
1277
1278
1280
1283
1286
1287
1289
1291
1303
1304
1305
1309
1310
1311
1313
1314
1315
1319
1326
1334
1343
1346
1351
1352
1353
1354
1355
1356
1357
1358
1359
1360
1361
1365
1366
1367
1368
1369
1370
1371
1372
1373
1374
1378
1380
1384
1385
1390
1392
1395
1396
1397
1400
1402
1403
1405
1406
1411
1412
1413
1414
1415
1417
1418
1419
1420
1421
1424
1428
1431
1436
1440
1441
1442
1443
1444
1445
1446
1447
1448
1449
1450
1451
1452
1453
1454
1456
1457
1458
1459
1460
1461
1462
1463
1464
1465
1466
1470
1482
1484
1485
1486
1487
1488
1490
1491
1492
1494
1496
1498
1499
1500
1501
1502
1507
1509
1510
1513
1514
1515
1516
1518
1520
1521
1522
1523
1524
1525
1530
1531
1535
1536
1537
1541
1542
1543
1544
1546
1548
1549
1550
1551
1552
1553
1556
1558
1559
1560
1562
1563
1564
1565
1566
1567
1568
1569
1570
1571
1572
1575
1576
1577
1578
1579
1580
1581
1582
1583
1584
1585
1586
1587
1588
1589
1590
1592
1593
1594
1597
1598
1599
1600
1601
1602
1603
1604
1605
1606
1607
1608
1609
1610
1611
1612
1613
1614
1615
1616
1617
1618
1619
1620
1621
1622
1624
1625
1627
1628
1629
1630
1631
1633
1634
1637
1638
1639
1640
1641
1642
1643
1645
1646
1648
1649
1650
1651
1652
1654
1660
1661
1662
1664
1665
1667
1669
1670
1671
1680
1684
1687
1688
1689
1690
1691
1692
1693
1694
1695
1696
1697
1698
1699
1700
1701
1702
1703
1704
1706
1709
1710
1711
1716
1718
1719
1721
1724
1725
1726
1733
1735
1736
1742
1745
1747
1748
1750
1751
1753
1755
1756
1757
1761
1763
1767
1773
1775
1781
1782
1783
1799
1805
1806
1807
1808
1809
1811
1812
1814
1815
1816
1820
1822
1823
1827
1829
1831
1832
1833
1834
1835
1836
1838
1839
1840
1842
1846
1847
1848
1853
1855
1858
1859
1862
1863
1864
1865
1866
1867
1869
1870
1871
1873
1874
1877
1880
1881
1882
1886
1887
1888
1893
1894
1895
1896
1900
1902
1903
1907
1926
1927
1928
1929
1930
1931
1932
1933
1934
1935
1936
1937
1939
1940
1943
1944
1946
1947
1948
1949
1951
1953
1954
1955
1956
1957
1958
1960
1961
1962
1963
1964
1965
1966
1967
1968
1969
1970
1971
1972
1973
1976
1978
1979
1980
1982
1983
1984
1985
1987
1991
1995
1996
1997
1998
1999
2001
2003
2004
2006
2007
2009
2010
2011
2012
2013
2020
2023
2027
2028
2029
2031
2034
2035
2037
2038
2040
2042
2043
2044
2045
2046
2047
2051
2052
2053
2054
2056
2058
2061
2062
2063
2064
2065
2066
2068
2070
2071
2072
2075
2078
2079
2080
2081
2082
2085
2086
2087
2088
2090
2091
2094
2096
2097
2101
2102
2103
2104
2105
2106
2107
2108
2109
2110
2111
2115
2116
2117
2118
2119
2120
2121
2125
2127
2128
2129
2131
2133
2138
2139
2140
2141
2142
2143
2144
2145
2146
2147
2148
2149
2150
2152
2155
2156
2157
2158
2161
2162
2164
2165
2166
2167
2168
2169
2170
2171
2172
2173
2174
2175
2176
2181
2182
2183
2184
2185
2187
2190
2193
2194
2195
2196
2197
2199
2201
2202
2203
2204
2205
2206
2207
2209
2211
2212
2213
2214
2217
2218
2221
2224
2226
2233
2234
2235
2236
2238
2249
2251
2252
2254
2255
2256
2257
2259
2260
2261
2264
2265
2266
2267
2268
2269
2270
2271
2272
2273
2274
2275
2276
2277
2279
2280
2281
2282
2283
2284
2285
2286
2287
2288
2289
2290
2291
2295
2296
2297
2298
2299
2300
2301
2302
2303
2304
2305
2306
2307
2309
2310
2311
2312
2313
2314
2316
2317
2318
2319
2320
2321
2322
2323
2325
2326
2327
2328
2329
2331
2332
2336
2337
2340
2341
2342
2347
2348
2350
2353
2355
2362
2363
2364
2366
2367
2370
2371
2372
2373
2374
2375
2376
2378
2380
2381
2382
2383
2384
2385
2386
2387
2388
2389
2390
2392
2395
2396
2398
2399
2400
2404
2406
2409
2414
2415
2417
2418
2421
2422
2423
2424
2425
2426
2428
2429
2432
2433
2434
2436
2437
2438
2439
2444
2445
2451
2452
2453
2454
2455
2456
2457
2458
2459
2460
2461
2462
2463
2464
2465
2466
2467
2468
2469
2470
2472
2473
2476
2477
2480
2482
2483
2484
2485
2486
2487
2488
2489
2490
2491
2492
2493
2494
2495
2496
2497
2498
2499
2500
2501
2502
2503
2504
2505
2506
2507
2508
2509
2510
2511
2515
2518
2522
2523
2524
2525
2527
2530
2532
2534
2537
2538
2539
2540
2542
2543
2544
2545
2546
2548
2549
2550
2551
2552
2553
2555
2557
2558
2559
2560
2561
2562
2563
2564
2565
2566
2568
2571
2574
2578
2579
2582
2584
2585
2586
2587
2588
2590
2591
2593
2594
2595
2597
2598
2599
2601
2603
2604
2605
2606
2607
2609
2610
2611
2613
2614
2616
2619
2620
2621
2623
2624
2625
2626
2627
2629
2630
2631
2635
2636
2637
2638
2639
2640
2641
2642
2644
2645
2647
2648
2649
2650
2652
2653
2654
2655
2657
2658
2659
2660
2661
2662
2663
2684
2705
2708
2710
2712
2713
2714
2725
2727
2734
2743
2745
2748
2749
2750
2751
2752
2753
2754
2755
2756
2757
2758
2759
2760
2761
2762
2763
2765
2767
2768
2771
2790
2791
2792
2793
2794
2795
2796
2798
2799
2800
2801
2802
2803
2804
2806
2807
2810
2811
2813
2814
2818
2819
2822
2823
2824
2825
2826
2828
2829
2831
2832
2833
2834
2835
2837
2838
2839
2842
2843
2847
2851
2852
2854
2855
2856
2857
2858
2859
2860
2861
2862
2864
2869
2871
2872
2875
2876
2877
2878
2880
2882
2883
2884
2886
2888
2889
2891
2892
2897
2900
2901
2902
2903
2904
2905
2906
2907
2908
2909
2910
2911
2913
2915
2916
2917
2918
2919
2920
2921
2922
2923
2925
2926
2929
2930
2932
2933
2934
2936
2937
2938
2939
2940
2944
2945
2946
2947
2948
2949
2951
2952
2953
2955
2956
2958
2959
2960
2961
2962
2963
2964
2965
2966
2967
2971
2973
2974
2975
2976
2977
2978
2979
2981
2982
2983
2984
2985
2986
2987
2988
2989
2990
2991
2992
2994
2995
2996
2997
2998
3000
3002
3003
3004
3006
3008
3013
3020
3022
3023
3024
3025
3026
3027
3028
3029
3030
3031
3032
3033
3034
3035
3037
3038
3039
3040
3041
3042
3043
3045
3046
3047
3049
3050
3051
3052
3054
3055
3057
3058
3061
3062
3064
3065
3067
3068
3069
3070
3072
3073
3074
3075
3076
3077
3078
3080
3081
3083
3084
3085
3086
3089
3091
3093
3094
3099
3101
3102
3103
3104
3106
3109
3111
3114
3116
3117
3118
3119
3120
3123
3126
3127
3128
3129
3130
3131
3132
3134
3136
3137
3138
3140
3141
3142
3143
3145
3146
3148
3149
3150
3152
3153
3154
3155
3156
3159
3164
3165
3169
3171
3174
3187
3192
3195
3196
3197
3200
3202
3211
3214
3215
3216
3217
3218
3219
3220
3221
3223
3225
3227
3228
3229
3231
3232
3233
3234
3235
3236
3237
3238
3241
3245
3247
3248
3249
3250
3253
3254
3255
3257
3258
3265
3266
3267
3269
3273
3275
3276
3278
3279
3280
3281
3282
3284
3287
3290
3291
3292
3293
3294
3295
3296
3301
3304
3308
3312
3318
3319
3320
3321
3322
3323
3325
3329
3330
3331
3332
3333
3336
3337
3338
3342
3344
3352
3353
3359
3365
3366
3368
3370
3371
3373
3374
3376
3377
3378
3380
3382
3383
3384
3385
3386
3391
3392
3394
3396
3397
3398
3399
3406
3410
3411
3413
3415
3416
3420
3422
3425
3426
3427
3428
3429
3430
3432
3438
3439
3440
3441
3442
3443
3444
3445
3446
3450
3451
3458
3459
3460
3461
3462
3463
3464
3466
3467
3468
3469
3470
3471
3472
3473
3474
3475
3476
3478
3479
3480
3481
3482
3483
3484
3485
3486
3487
3488
3489
3490
3492
3493
3495
3497
3498
3499
3500
3501
3502
3505
3506
3507
3510
3511
3512
3514
3515
3516
3518
3519
3520
3521
3522
3523
3524
3525
3526
3527
3528
3529
3531
3533
3534
3535
3537
3538
3539
3540
3541
3542
3544
3545
3548
3553
3556
3557
3558
3559
3560
3568
3572
3573
3574
3575
3576
3577
3578
3579
3580
3582
3584
3585
3586
3587
3588
3589
3590
3591
3592
3594
3597
3600
3602
3603
3604
3605
3611
3614
3615
3616
3617
3620
3624
3625
3627
3628
3631
3632
3633
3635
3636
3641
3642
3644
3645
3649
3650
3659
3660
3661
3662
3663
3664
3666
3668
3669
3670
3671
3672
3674
3675
3676
3677
3679
3683
3685
3687
3688
3696
3698
3700
3701
3702
3704
3705
3707
3708
3712
3715
3717
3718
3719
3720
3721
3725
3727
3729
3730
3731
3732
3733
3735
3736
3737
3739
3740
3741
3742
3743
3744
3745
3746
3747
3748
3749
3751
3752
3753
3754
3755
3756
3757
3758
3760
3761
3762
3763
3765
3766
3767
3768
3773
3774
3777
3778
3779
3780
3781
3782
3787
3789
3790
3791
3792
3794
3798
3799
3800
3801
3803
3804
3805
3807
3808
3809
3810
3811
3814
3815
3816
3818
3822
3823
3825
3826
3827
3835
3839
3840
3842
3843
3845
3846
3849
3852
3854
3855
3857
3859
3861
3862
3863
3864
3865
3866
3867
3868
3869
3873
3875
3876
3877
3878
3879
3880
3882
3883
3884
3885
3886
3887
3890
3891
3892
3893
3894
3895
3896
3897
3898
3900
3902
3904
3909
3911
3912
3914
3915
3917
3918
3921
3922
3924
3925
3927
3928
3933
3935
3939
3941
3943
3955
3956
3957
3966
3968
3979
3986
3996
4025
4030
4032
4033
4034
4035
4036
4038
4039
4040
4042
4043
4045
4046
4047
4049
4050
4051
4052
4054
4064
4065
4072
4073
4076
4081
4082
4083
4089
4091
4097
4098
4102
4106
4108
4113
4114
4115
4116
4118
4119
4130
4133
4134
4140
4141
4142
4143
4145
4146
4147
4152
4153
4156
4157
4158
4161
4162
4164
4165
4166
4167
4168
4169
4171
4172
4173
4174
4175
4176
4177
4179
4180
4181
4185
4187
4188
4194
4195
4196
4201
4205
4206
4208
4210
4211
4217
4218
4219
4220
4225
4226
4227
4228
4229
4230
4231
4232
4233
4234
4237
4239
4241
4243
4244
4245
4246
4247
4250
4251
4252
4253
4255
4256
4257
4258
4260
4262
4269
4272
4273
4274
4278
4279
4280
4281
4282
4283
4284
4285
4286
4288
4290
4291
4292
4293
4294
4295
4296
4300
4301
4302
4303
4304
4305
4306
4307
4308
4313
4314
4315
4317
4318
4319
4320
4322
4324
4325
4326
4327
4328
4329
4330
4331
4332
4333
4334
4335
4336
4337
4338
4342
4343
4344
4345
4348
4349
4350
4351
4352
4356
4357
4359
4361
4362
4363
4365
4370
4373
4374
4376
4377
4378
4379
4381
4382
4383
4384
4386
4387
4388
4389
4391
4393
4396
4397
4398
4399
4400
4401
4402
4403
4404
4405
4406
4408
4409
4410
4411
4413
4414
4415
4416
4417
4418
4419
4420
4421
4422
4423
4424
4425
4427
4428
4429
4430
4431
4433
4434
4435
4436
4437
4438
4439
4440
4441
4442
4443
4444
4445
4446
4447
4448
4449
4450
4451
4452
4453
4454
4455
4457
4459
4462
4463
4465
4466
4470
4471
4472
4473
4475
4476
4477
4478
4479
4481
4482
4483
4485
4487
4489
4490
4491
4492
4494
4495
4496
4497
4498
4499
4500
4502
4503
4504
4507
4510
4511
4512
4513
4514
4515
4516
4519
4523
4524
4526
4527
4528
4529
4531
4532
4537
4538
4539
4540
4541
4542
4543
4544
4547
4552
4553
4554
4555
4556
4557
4568
4569
4570
4571
4572
4573
4574
4575
4576
4577
4579
4580
4583
4585
4586
4588
4589
4590
4591
4592
4593
4596
4597
4598
4600
4603
4605
4606
4607
4608
4610
4611
4616
4621
4633
4634
4638
4639
4640
4641
4644
4645
4646
4647
4648
4649
4650
4651
4652
4653
4654
4656
4657
4658
4659
4663
4664
4665
4666
4669
4671
4672
4673
4675
4676
4678
4679
4680
4682
4684
4686
4689
4692
4693
4700
4701
4702
4703
4705
4706
4707
4708
4709
4710
4711
4713
4723
4726
4727
4728
4729
4730
4731
4737
4739
4740
4742
4749
4752
4756
4757
4758
4759
4760
4761
4762
4766
4767
4771
4780
4781
4782
4784
4785
4786
4793
4800
4801
4802
4803
4804
4805
4806
4807
4808
4809
4810
4811
4812
4813
4814
4815
4817
4819
4821
4822
4823
4828
4829
4830
4831
4833
4834
4835
4837
4838
4841
4843
4844
4845
4846
4859
4861
4863
4866
4870
4872
4873
4874
4879
4880
4881
4885
4886
4887
4888
4901
4904
4905
4914
4915
4916
4917
4918
4920
4924
4925
4926
4930
4931
4932
4933
4934
4935
4938
4939
4944
4952
4960
4967
4968
4972
4973
4977
4978
4979
4980
4981
4982
4983
4984
4985
4986
4987
4989
4991
4995
4999
5000
5001
5002
5004
5005
5006
5009
5010
5012
5013
5016
5018
5022
5024
5026
5027
5028
5032
5034
5037
5038
5039
5040
5042
5043
5045
5054
5056
5057
5058
5059
5063
5065
5066
5068
5070
5071
5072
5073
5076
5077
5078
5081
5083
5084
5086
5097
5098
5100
5101
5103
5105
5106
5107
5109
5112
5116
5117
5119
5123
5124
5125
5126
5127
5129
5130
5139
5140
5141
5143
5148
5151
5152
5154
5157
5158
5162
5163
5165
5173
5175
5176
5177
5178
5179
5180
5181
5182
5184
5185
5186
5187
5188
5189
5192
5193
5194
5195
5196
5197
5199
5200
5201
5202
5203
5205
5206
5207
5208
5209
5210
5211
5212
5213
5214
5215
5216
5217
5218
5219
5221
5222
5223
5224
5226
5227
5228
5229
5230
5231
5234
5237
5239
5242
5243
5244
5247
5249
5255
5256
5257
5258
5259
5260
5261
5262
5263
5264
5265
5266
5267
5268
5270
5271
5272
5275
5279
5280
5282
5283
5284
5287
5289
5290
5291
5292
5293
5294
5295
5296
5297
5298
5299
5300
5301
5304
5307
5308
5309
5310
5311
5312
5313
5314
5315
5316
5317
5318
5320
5321
5323
5324
5325
5326
5327
5328
5329
5330
5331
5332
5334
5336
5337
5338
5339
5340
5341
5342
5343
5344
5345
5346
5347
5348
5349
5350
5355
5356
5359
5361
5363
5365
5366
5367
5369
5376
5377
5378
5379
5380
5381
5382
5383
5384
5385
5389
5390
5391
5393
5394
5395
5396
5397
5400
5407
5408
5410
5413
5417
5418
5422
5423
5424
5426
5430
5432
5433
5434
5435
5436
5437
5438
5439
5440
5441
5442
5443
5444
5445
5446
5447
5448
5449
5450
5451
5453
5458
5459
5463
5464
5465
5466
5468
5469
5470
5471
5475
5476
5477
5479
5481
5483
5484
5485
5486
5487
5489
5490
5493
5497
5502
5505
5508
5509
5514
5515
5518
5519
5524
5525
5526
5529
5532
5533
5534
5535
5536
5538
5545
5548
5549
5552
5553
5555
5560
5561
5562
5566
5568
5571
5572
5573
5574
5575
5577
5578
5579
5580
5581
5582
5583
5584
5585
5586
5589
5593
5594
5595
5598
5600
5601
5603
5605
5609
5611
5612
5616
5617
5618
5620
5621
5622
5623
5626
5627
5628
5629
5631
5632
5634
5637
5638
5639
5640
5641
5642
5643
5645
5646
5647
5648
5651
5652
5655
5658
5662
5665
5666
5668
5669
5671
5674
5681
5682
5683
5684
5685
5692
5693
5695
5700
5702
5703
5704
5705
5706
5707
5708
5710
5711
5714
5715
5719
5720
5724
5730
5732
5734
5745
5746
5751
5760
5761
5767
5768
5769
5770
5775
5776
5777
5780
5781
5782
5785
5786
5787
5788
5789
5794
5796
5798
5803
5808
5816
5818
5819
5820
5823
5824
5825
5826
5827
5828
5831
5834
5835
5836
5837
5841
5842
5843
5844
5846
5847
5848
5851
5853
5857
5861
5863
5864
5865
5866
5867
5868
5869
5870
5871
5873
5874
5876
5877
5878
5879
5881
5886
5887
5888
5890
5891
5892
5893
5894
5895
5896
5897
5898
5899
5901
5902
5903
5904
5907
5912
5916
5917
5918
5920
5921
5922
5923
5924
5925
5926
5927
5929
5930
5931
5932
5934
5937
5939
5940
5941
5942
5944
5945
5947
5948
5950
5951
5954
5955
5958
5959
5963
5964
5965
5966
5967
5968
5977
5980
5981
5982
